1
2
3
4
5
6
7
8
9
10
11
12
13
14
15
16
17
18
19
20
21
22
23
24
25
26
27
28
29
30
31
32
33
34
35
36
37
38
39
40
41
42
43
44
45
46
47
48
49
50
51
52
53
54
55
56
57
58
59
60
61
62
63
64
65
66
67
68
69
70
71
72
73
74
75
76
77
78
79
80
81
82
83
84
85
86
87
88
89
90
91
92
93
94
95
96
97
98
99
100
101
102
103
104
105
106
107
108
109
110
111
112
113
114
115
116
117
118
119
120
121
122
123
124
125
126
127
128
129
130
131
132
133
134
135
136
137
138
139
140
141
142
143
144
145
146
147
148
149
150
151
152
153
154
155
156
157
158
159
160
161
162
163
164
165
166
167
168
169
170
171
172
173
174
175
176
177
178
179
180
181
182
183
184
185
186
187
188
189
190
191
192
193
194
195
196
197
198
199
200
201
202
203
204
205
206
207
208
209
210
211
212
213
214
215
216
217
218
219
220
221
222
223
224
225
226
227
228
229
230
231
232
233
234
235
236
237
238
239
240
241
242
243
244
245
246
247
248
249
250
251
252
253
254
255
256
257
258
259
260
261
262
263
264
265
266
267
268
269
270
271
272
273
274
275
276
277
278
279
280
281
282
283
284
285
286
287
288
289
290
291
292
293
294
295
296
297
298
299
300
301
302
303
304
305
306
307
308
309
310
311
312
313
314
315
316
317
318
319
320
321
322
323
324
325
326
327
328
329
330
331
332
333
334
335
336
337
338
339
340
341
342
343
344
345
346
347
348
349
350
351
352
353
354
355
356
357
358
359
360
361
362
363
364
365
366
367
368
369
370
371
372
373
374
375
376
377
378
379
380
381
382
383
384
385
386
387
388
389
390
391
392
393
394
395
396
397
398
399
400
401
402
403
404
405
406
407
408
409
410
411
412
413
414
415
416
417
418
419
420
421
422
423
424
425
426
427
428
429
430
431
432
433
434
435
436
437
438
439
440
441
442
443
444
445
446
447
448
449
450
451
452
453
454
455
456
457
458
459
460
461
462
463
464
465
466
467
468
469
470
471
472
473
474
475
476
477
478
479
480
481
482
483
484
485
486
487
488
489
490
491
492
493
494
495
496
497
498
499
500
501
502
503
504
505
506
507
508
509
510
511
512
513
514
515
516
517
518
519
520
521
522
523
524
525
526
527
528
529
530
531
532
533
534
535
536
537
538
539
540
541
542
543
544
545
546
547
548
549
550
551
552
553
554
555
556
557
558
559
560
561
562
563
564
565
566
567
568
569
570
571
572
573
574
575
576
577
578
579
580
581
582
583
584
585
586
587
588
589
590
591
592
593
594
595
596
597
598
599
600
601
602
603
604
605
606
607
608
609
610
611
612
613
614
615
616
617
618
619
620
621
622
623
624
625
626
627
628
629
630
631
632
633
634
635
636
637
638
639
640
641
642
643
644
645
646
647
648
649
650
651
652
653
654
655
656
657
658
659
660
661
662
663
664
665
666
667
668
669
670
671
672
673
674
675
676
677
678
679
680
681
682
683
684
685
686
687
688
689
690
691
692
693
694
695
696
697
698
699
700
701
702
703
704
705
706
707
708
709
710
711
712
713
714
715
716
717
718
719
720
721
722
723
724
725
726
727
728
729
730
731
732
733
734
735
736
737
738
739
740
741
742
743
744
745
746
747
748
749
750
751
752
753
754
755
756
757
758
759
760
761
762
763
764
765
766
767
768
769
770
771
772
773
774
775
776
777
778
779
780
781
782
783
784
785
786
787
788
789
790
791
792
793
794
795
796
797
798
799
800
801
802
803
804
805
806
807
808
809
810
811
812
813
814
815
816
817
818
819
820
821
822
823
824
825
826
827
828
829
830
831
832
833
834
835
836
837
838
839
840
841
842
843
844
845
846
847
848
849
850
851
852
853
854
855
856
857
858
859
860
861
862
863
864
865
866
867
868
869
870
871
872
873
874
875
876
877
878
879
880
881
882
883
884
885
886
887
888
889
890
891
892
893
894
895
896
897
898
899
900
901
902
903
904
905
906
907
908
909
910
911
912
913
914
915
916
917
918
919
920
921
922
923
924
925
926
927
928
929
930
931
932
933
934
935
936
937
938
939
940
941
942
943
944
945
946
947
948
949
950
951
952
953
954
955
956
957
958
959
960
961
962
963
964
965
966
967
968
969
970
971
972
973
974
975
976
977
978
979
980
981
982
983
984
985
986
987
988
989
990
991
992
993
994
995
996
997
998
999
1000
1001
1002
1003
1004
1005
1006
1007
1008
1009
1010
1011
1012
1013
1014
1015
1016
1017
1018
1019
1020
1021
1022
1023
1024
1025
1026
1027
1028
1029
1030
1031
1032
1033
1034
1035
1036
1037
1038
1039
1040
1041
1042
1043
1044
1045
1046
1047
1048
1049
1050
1051
1052
1053
1054
1055
1056
1057
1058
1059
1060
1061
1062
1063
1064
1065
1066
1067
1068
1069
1070
1071
1072
1073
1074
1075
1076
1077
1078
1079
1080
1081
1082
1083
1084
1085
1086
1087
1088
1089
1090
1091
1092
1093
1094
1095
1096
1097
1098
1099
1100
1101
1102
1103
1104
1105
1106
1107
1108
1109
1110
1111
1112
1113
1114
1115
1116
1117
1118
1119
1120
1121
1122
1123
1124
1125
1126
1127
1128
1129
1130
1131
1132
1133
1134
1135
1136
1137
1138
1139
1140
1141
1142
1143
1144
1145
1146
1147
1148
1149
1150
1151
1152
1153
1154
1155
1156
1157
1158
1159
1160
1161
1162
1163
1164
1165
1166
1167
1168
1169
1170
1171
1172
1173
1174
1175
1176
1177
1178
1179
1180
1181
1182
1183
1184
1185
1186
1187
1188
1189
1190
1191
1192
1193
1194
1195
1196
1197
1198
1199
1200
1201
1202
1203
1204
1205
1206
1207
1208
1209
1210
1211
1212
1213
1214
1215
1216
1217
1218
1219
1220
1221
1222
1223
1224
1225
1226
1227
1228
1229
1230
1231
1232
1233
1234
1235
1236
1237
1238
1239
1240
1241
1242
1243
1244
1245
1246
1247
1248
1249
1250
1251
1252
1253
1254
1255
1256
1257
1258
1259
1260
1261
1262
1263
1264
1265
1266
1267
1268
1269
1270
1271
1272
1273
1274
1275
1276
1277
1278
1279
1280
1281
1282
1283
1284
1285
1286
1287
1288
1289
1290
1291
1292
1293
1294
1295
1296
1297
1298
1299
1300
1301
1302
1303
1304
1305
1306
1307
1308
1309
1310
1311
1312
1313
1314
1315
1316
1317
1318
1319
1320
1321
1322
1323
1324
1325
1326
1327
1328
1329
1330
1331
1332
1333
1334
1335
1336
1337
1338
1339
1340
1341
1342
1343
1344
1345
1346
1347
1348
1349
1350
1351
1352
1353
1354
1355
1356
1357
1358
1359
1360
1361
1362
1363
1364
1365
1366
1367
1368
1369
1370
1371
1372
1373
1374
1375
1376
1377
1378
1379
1380
1381
1382
1383
1384
1385
1386
1387
1388
1389
1390
1391
1392
1393
1394
1395
1396
1397
1398
1399
1400
1401
1402
1403
1404
1405
1406
1407
1408
1409
1410
1411
1412
1413
1414
1415
1416
1417
1418
1419
1420
1421
1422
1423
1424
1425
1426
1427
1428
1429
1430
1431
1432
1433
1434
1435
1436
1437
1438
1439
1440
1441
1442
1443
1444
1445
1446
1447
1448
1449
1450
1451
1452
1453
1454
1455
1456
1457
1458
1459
1460
1461
1462
1463
1464
1465
1466
1467
1468
1469
1470
1471
1472
1473
1474
1475
1476
1477
1478
1479
1480
1481
1482
1483
1484
1485
1486
1487
1488
1489
1490
1491
1492
1493
1494
1495
1496
1497
1498
1499
1500
1501
1502
1503
1504
1505
1506
1507
1508
1509
1510
1511
1512
1513
1514
1515
1516
1517
1518
1519
1520
1521
1522
1523
1524
1525
1526
1527
1528
1529
1530
1531
1532
1533
1534
1535
1536
1537
1538
1539
1540
1541
1542
1543
1544
1545
1546
1547
1548
1549
1550
1551
1552
1553
1554
1555
1556
1557
1558
1559
1560
1561
1562
1563
1564
1565
1566
1567
1568
1569
1570
1571
1572
1573
1574
1575
1576
1577
1578
1579
1580
1581
1582
1583
1584
1585
1586
1587
1588
1589
1590
1591
1592
1593
1594
1595
1596
1597
1598
1599
1600
1601
1602
1603
1604
1605
1606
1607
1608
1609
1610
1611
1612
1613
1614
1615
1616
1617
1618
1619
1620
1621
1622
1623
1624
1625
1626
1627
1628
1629
1630
1631
1632
1633
1634
1635
1636
1637
1638
1639
1640
1641
1642
1643
1644
1645
1646
1647
1648
1649
1650
1651
1652
1653
1654
1655
1656
1657
1658
1659
1660
1661
1662
1663
1664
1665
1666
1667
1668
1669
1670
1671
1672
1673
1674
1675
1676
1677
1678
1679
1680
1681
1682
1683
1684
1685
1686
1687
1688
1689
1690
1691
1692
1693
1694
1695
1696
1697
1698
1699
1700
1701
1702
1703
1704
1705
1706
1707
1708
1709
1710
1711
1712
1713
1714
1715
1716
1717
1718
1719
1720
1721
1722
1723
1724
1725
1726
1727
1728
1729
1730
1731
1732
1733
1734
1735
1736
1737
1738
1739
1740
1741
1742
1743
1744
1745
1746
1747
1748
1749
1750
1751
1752
1753
1754
1755
1756
1757
1758
1759
1760
1761
1762
1763
1764
1765
1766
1767
1768
1769
1770
1771
1772
1773
1774
1775
1776
1777
1778
1779
1780
1781
1782
1783
1784
1785
1786
1787
1788
1789
1790
1791
1792
1793
1794
1795
1796
1797
1798
1799
1800
1801
1802
1803
1804
1805
1806
1807
1808
1809
1810
1811
1812
1813
1814
1815
1816
1817
1818
1819
1820
1821
1822
1823
1824
1825
1826
1827
1828
1829
1830
1831
1832
1833
1834
1835
1836
1837
1838
1839
1840
1841
1842
1843
1844
1845
1846
1847
1848
1849
1850
1851
1852
1853
1854
1855
1856
1857
1858
1859
1860
1861
1862
1863
1864
1865
1866
1867
1868
1869
1870
1871
1872
1873
1874
1875
1876
1877
1878
1879
1880
1881
1882
1883
1884
1885
1886
1887
1888
1889
1890
1891
1892
1893
1894
1895
1896
1897
1898
1899
1900
1901
1902
1903
1904
1905
1906
1907
1908
1909
1910
1911
1912
1913
1914
1915
1916
1917
1918
1919
1920
1921
1922
1923
1924
1925
1926
1927
1928
1929
1930
1931
1932
1933
1934
1935
1936
1937
1938
1939
1940
1941
1942
1943
1944
1945
1946
1947
1948
1949
1950
1951
1952
1953
1954
1955
1956
1957
1958
1959
1960
1961
1962
1963
1964
1965
1966
1967
1968
1969
1970
1971
1972
1973
1974
1975
1976
1977
1978
1979
1980
1981
1982
1983
1984
1985
1986
1987
1988
1989
1990
1991
1992
1993
1994
1995
1996
1997
1998
1999
2000
2001
2002
2003
2004
2005
2006
2007
2008
2009
2010
2011
2012
2013
2014
2015
2016
2017
2018
2019
2020
2021
2022
2023
2024
2025
2026
2027
2028
2029
2030
2031
2032
2033
2034
2035
2036
2037
2038
2039
2040
2041
2042
2043
2044
2045
2046
2047
2048
2049
2050
2051
2052
2053
2054
2055
2056
2057
2058
2059
2060
2061
2062
2063
2064
2065
2066
2067
2068
2069
2070
2071
2072
2073
2074
2075
2076
2077
2078
2079
2080
2081
2082
2083
2084
2085
2086
2087
2088
2089
2090
2091
2092
2093
2094
2095
2096
2097
2098
2099
2100
2101
2102
2103
2104
2105
2106
2107
2108
2109
2110
2111
2112
2113
2114
2115
2116
2117
2118
2119
2120
2121
2122
2123
2124
2125
2126
2127
2128
2129
2130
2131
2132
2133
2134
2135
2136
2137
2138
2139
2140
2141
2142
2143
2144
2145
2146
2147
2148
2149
2150
2151
2152
2153
2154
2155
2156
2157
2158
2159
2160
2161
2162
2163
2164
2165
2166
2167
2168
2169
2170
2171
2172
2173
2174
2175
2176
2177
2178
2179
2180
2181
2182
2183
2184
2185
2186
2187
2188
2189
2190
2191
2192
2193
2194
2195
2196
2197
2198
2199
2200
2201
2202
2203
2204
2205
2206
2207
2208
2209
2210
2211
2212
2213
2214
2215
2216
2217
2218
2219
2220
2221
2222
2223
2224
2225
2226
2227
2228
2229
2230
2231
2232
2233
2234
2235
2236
2237
2238
2239
2240
2241
2242
2243
2244
2245
2246
2247
2248
2249
2250
2251
2252
2253
2254
2255
2256
2257
2258
2259
2260
2261
2262
2263
2264
2265
2266
2267
2268
2269
2270
2271
2272
2273
2274
2275
2276
2277
2278
2279
2280
2281
2282
2283
2284
2285
2286
2287
2288
2289
2290
2291
2292
2293
2294
2295
2296
2297
2298
2299
2300
2301
2302
2303
2304
2305
2306
2307
2308
2309
2310
2311
2312
2313
2314
2315
2316
2317
2318
2319
2320
2321
2322
2323
2324
2325
2326
2327
2328
2329
2330
2331
2332
2333
2334
2335
2336
2337
2338
2339
2340
2341
2342
2343
2344
2345
2346
2347
2348
2349
2350
2351
2352
2353
2354
2355
2356
2357
2358
2359
2360
2361
2362
2363
2364
2365
2366
2367
2368
2369
2370
2371
2372
2373
2374
2375
2376
2377
2378
2379
2380
2381
2382
2383
2384
2385
2386
2387
2388
2389
2390
2391
2392
2393
2394
2395
2396
2397
2398
2399
2400
2401
2402
2403
2404
2405
2406
2407
2408
2409
2410
2411
2412
2413
2414
2415
2416
2417
2418
2419
2420
2421
2422
2423
2424
2425
2426
2427
2428
2429
2430
2431
2432
2433
2434
2435
2436
2437
2438
2439
2440
2441
2442
2443
2444
2445
2446
2447
2448
2449
2450
2451
2452
2453
2454
2455
2456
2457
2458
2459
2460
2461
2462
2463
2464
2465
2466
2467
2468
2469
2470
2471
2472
2473
2474
2475
2476
2477
2478
2479
2480
2481
2482
2483
2484
2485
2486
2487
2488
2489
2490
2491
2492
2493
2494
2495
2496
2497
2498
2499
2500
2501
2502
2503
2504
2505
2506
2507
2508
2509
2510
2511
2512
2513
2514
2515
2516
2517
2518
2519
2520
2521
2522
2523
2524
2525
2526
2527
2528
2529
2530
2531
2532
2533
2534
2535
2536
2537
2538
2539
2540
2541
2542
2543
2544
2545
2546
2547
2548
2549
2550
2551
2552
2553
2554
2555
2556
2557
2558
2559
2560
2561
2562
2563
2564
2565
2566
2567
2568
2569
2570
2571
2572
2573
2574
2575
2576
2577
2578
2579
2580
2581
2582
2583
2584
2585
2586
2587
2588
2589
2590
2591
2592
2593
2594
2595
2596
2597
2598
2599
2600
2601
2602
2603
2604
2605
2606
2607
2608
2609
2610
2611
2612
2613
2614
2615
2616
2617
2618
2619
2620
2621
2622
2623
2624
2625
2626
2627
2628
2629
2630
2631
2632
2633
2634
2635
2636
2637
2638
2639
2640
2641
2642
2643
2644
2645
2646
2647
2648
2649
2650
2651
2652
2653
2654
2655
2656
2657
2658
2659
2660
2661
2662
2663
2664
2665
2666
2667
2668
2669
2670
2671
2672
2673
2674
2675
2676
2677
2678
2679
2680
2681
2682
2683
2684
2685
2686
2687
2688
2689
2690
2691
2692
2693
2694
2695
2696
2697
2698
2699
2700
2701
2702
2703
2704
2705
2706
2707
2708
2709
2710
2711
2712
2713
2714
2715
2716
2717
2718
2719
2720
2721
2722
2723
2724
2725
2726
2727
2728
2729
2730
2731
2732
2733
2734
2735
2736
2737
2738
2739
2740
2741
2742
2743
2744
2745
2746
2747
2748
2749
2750
2751
2752
2753
2754
2755
2756
2757
2758
2759
2760
2761
2762
2763
2764
2765
2766
2767
2768
2769
2770
2771
2772
2773
2774
2775
2776
2777
2778
2779
2780
2781
2782
2783
2784
2785
2786
2787
2788
2789
2790
2791
2792
2793
2794
2795
2796
2797
2798
2799
2800
2801
2802
2803
2804
2805
2806
2807
2808
2809
2810
2811
2812
2813
2814
2815
2816
2817
2818
2819
2820
2821
2822
2823
2824
2825
2826
2827
2828
2829
2830
2831
2832
2833
2834
2835
2836
2837
2838
2839
2840
2841
2842
2843
2844
2845
2846
2847
2848
2849
2850
2851
2852
2853
2854
2855
2856
2857
2858
2859
2860
2861
2862
2863
2864
2865
2866
2867
2868
2869
2870
2871
2872
2873
2874
2875
2876
2877
2878
2879
2880
2881
2882
2883
2884
2885
2886
2887
2888
2889
2890
2891
2892
2893
2894
2895
2896
2897
2898
2899
2900
2901
2902
2903
2904
2905
2906
2907
2908
2909
2910
2911
2912
2913
2914
2915
2916
2917
2918
2919
2920
2921
2922
2923
2924
2925
2926
2927
2928
2929
2930
2931
2932
2933
2934
2935
2936
2937
2938
2939
2940
2941
2942
2943
2944
2945
2946
2947
2948
2949
2950
2951
2952
2953
2954
2955
2956
2957
2958
2959
2960
2961
2962
2963
2964
2965
2966
2967
2968
2969
2970
2971
2972
2973
2974
2975
2976
2977
2978
2979
2980
2981
2982
2983
2984
2985
2986
2987
2988
2989
2990
2991
2992
2993
2994
2995
2996
2997
2998
2999
3000
3001
3002
3003
3004
3005
3006
3007
3008
3009
3010
3011
3012
3013
3014
3015
3016
3017
3018
3019
3020
3021
3022
3023
3024
3025
3026
3027
3028
3029
3030
3031
3032
3033
3034
3035
3036
3037
3038
3039
3040
3041
3042
3043
3044
3045
3046
3047
3048
3049
3050
3051
3052
3053
3054
3055
3056
3057
3058
3059
3060
3061
3062
3063
3064
3065
3066
3067
3068
3069
3070
3071
3072
3073
3074
3075
3076
3077
3078
3079
3080
3081
3082
3083
3084
3085
3086
3087
3088
3089
3090
3091
3092
3093
3094
3095
3096
3097
3098
3099
3100
3101
3102
3103
3104
3105
3106
3107
3108
3109
3110
3111
3112
3113
3114
3115
3116
3117
3118
3119
3120
3121
3122
3123
3124
3125
3126
3127
3128
3129
3130
3131
3132
3133
3134
3135
3136
3137
3138
3139
3140
3141
3142
3143
3144
3145
3146
3147
3148
3149
3150
3151
3152
3153
3154
3155
3156
3157
3158
3159
3160
3161
3162
3163
3164
3165
3166
3167
3168
3169
3170
3171
3172
3173
3174
3175
3176
3177
3178
3179
3180
3181
3182
3183
3184
3185
3186
3187
3188
3189
3190
3191
3192
3193
3194
3195
3196
3197
3198
3199
3200
3201
3202
3203
3204
3205
3206
3207
3208
3209
3210
3211
3212
3213
3214
3215
3216
3217
3218
3219
3220
3221
3222
3223
3224
3225
3226
3227
3228
3229
3230
3231
3232
3233
3234
3235
3236
3237
3238
3239
3240
3241
3242
3243
3244
3245
3246
3247
3248
3249
3250
3251
3252
3253
3254
3255
3256
3257
3258
3259
3260
3261
3262
3263
3264
3265
3266
3267
3268
3269
3270
3271
3272
3273
3274
3275
3276
3277
3278
3279
3280
3281
3282
3283
3284
3285
3286
3287
3288
3289
3290
3291
3292
3293
3294
3295
3296
3297
3298
3299
3300
3301
3302
3303
3304
3305
3306
3307
3308
3309
3310
3311
3312
3313
3314
3315
3316
3317
3318
3319
3320
3321
3322
3323
3324
3325
3326
3327
3328
3329
3330
3331
3332
3333
3334
3335
3336
3337
3338
3339
3340
3341
3342
3343
3344
3345
3346
3347
3348
3349
3350
3351
3352
3353
3354
3355
3356
3357
3358
3359
3360
3361
3362
3363
3364
3365
3366
3367
3368
3369
3370
3371
3372
3373
3374
3375
3376
3377
3378
3379
3380
3381
3382
3383
3384
3385
3386
3387
3388
3389
3390
3391
3392
3393
3394
3395
3396
3397
3398
3399
3400
3401
3402
3403
3404
3405
3406
3407
3408
3409
3410
3411
3412
3413
3414
3415
3416
3417
3418
3419
3420
3421
3422
3423
3424
3425
3426
3427
3428
3429
3430
3431
3432
3433
3434
3435
3436
3437
3438
3439
3440
3441
3442
3443
3444
3445
3446
3447
3448
3449
3450
3451
3452
3453
3454
3455
3456
3457
3458
3459
3460
3461
3462
3463
3464
3465
3466
3467
3468
3469
3470
3471
3472
3473
3474
3475
3476
3477
3478
3479
3480
3481
3482
3483
3484
3485
3486
3487
3488
3489
3490
3491
3492
3493
3494
3495
3496
3497
3498
3499
3500
3501
3502
3503
3504
3505
3506
3507
3508
3509
3510
3511
3512
3513
3514
3515
3516
3517
3518
3519
3520
3521
3522
3523
3524
3525
3526
3527
3528
3529
3530
3531
3532
3533
3534
3535
3536
3537
3538
3539
3540
3541
3542
3543
3544
3545
3546
3547
3548
3549
3550
3551
3552
3553
3554
3555
3556
3557
3558
3559
3560
3561
3562
3563
3564
3565
3566
3567
3568
3569
3570
3571
3572
3573
3574
3575
3576
3577
3578
3579
3580
3581
3582
3583
3584
3585
3586
3587
3588
3589
3590
3591
3592
3593
3594
3595
3596
3597
3598
3599
3600
3601
3602
3603
3604
3605
3606
3607
3608
3609
3610
3611
3612
3613
3614
3615
3616
3617
3618
3619
3620
3621
3622
3623
3624
3625
3626
3627
3628
3629
3630
3631
3632
3633
3634
3635
3636
3637
3638
3639
3640
3641
3642
3643
3644
3645
3646
3647
3648
3649
3650
3651
3652
3653
3654
3655
3656
3657
3658
3659
3660
3661
3662
3663
3664
3665
3666
3667
3668
3669
3670
3671
3672
3673
3674
3675
3676
3677
3678
3679
3680
3681
3682
3683
3684
3685
3686
3687
3688
3689
3690
3691
3692
3693
3694
3695
3696
3697
3698
3699
3700
3701
3702
3703
3704
3705
3706
3707
3708
3709
3710
3711
3712
3713
3714
3715
3716
3717
3718
3719
3720
3721
3722
3723
3724
3725
3726
3727
3728
3729
3730
3731
3732
3733
3734
3735
3736
3737
3738
3739
3740
3741
3742
3743
3744
3745
3746
3747
3748
3749
3750
3751
3752
3753
3754
3755
3756
3757
3758
3759
3760
3761
3762
3763
3764
3765
3766
3767
3768
3769
3770
3771
3772
3773
3774
3775
3776
3777
3778
3779
3780
3781
3782
3783
3784
3785
3786
3787
3788
3789
3790
3791
3792
3793
3794
3795
3796
3797
3798
3799
3800
3801
3802
3803
3804
3805
3806
3807
3808
3809
3810
3811
3812
3813
3814
3815
3816
3817
3818
3819
3820
3821
3822
3823
3824
3825
3826
3827
3828
3829
3830
3831
3832
3833
3834
3835
3836
3837
3838
3839
3840
3841
3842
3843
3844
3845
3846
3847
3848
3849
3850
3851
3852
3853
3854
3855
3856
3857
3858
3859
3860
3861
3862
3863
3864
3865
3866
3867
3868
3869
3870
3871
3872
3873
3874
3875
3876
3877
3878
3879
3880
3881
3882
3883
3884
3885
3886
3887
3888
3889
3890
3891
3892
3893
3894
3895
3896
3897
3898
3899
3900
3901
3902
3903
3904
3905
3906
3907
3908
3909
3910
3911
3912
3913
3914
3915
3916
3917
3918
3919
3920
3921
3922
3923
3924
3925
3926
3927
3928
3929
3930
3931
3932
3933
3934
3935
3936
3937
3938
3939
3940
3941
3942
3943
3944
3945
3946
3947
3948
3949
3950
3951
3952
3953
3954
3955
3956
3957
3958
3959
3960
3961
3962
3963
3964
3965
3966
3967
3968
3969
3970
3971
3972
3973
3974
3975
3976
3977
3978
3979
3980
3981
3982
3983
3984
3985
3986
3987
3988
3989
3990
3991
3992
3993
3994
3995
3996
3997
3998
3999
4000
4001
4002
4003
4004
4005
4006
4007
4008
4009
4010
4011
4012
4013
4014
4015
4016
4017
4018
4019
4020
4021
4022
4023
4024
4025
4026
4027
4028
4029
4030
4031
4032
4033
4034
4035
4036
4037
4038
4039
4040
4041
4042
4043
4044
4045
4046
4047
4048
4049
4050
4051
4052
4053
4054
4055
4056
4057
4058
4059
4060
4061
4062
4063
4064
4065
4066
4067
4068
4069
4070
4071
4072
4073
4074
4075
4076
4077
4078
4079
4080
4081
4082
4083
4084
4085
4086
4087
4088
4089
4090
4091
4092
4093
4094
4095
4096
4097
4098
4099
4100
4101
4102
4103
4104
4105
4106
4107
4108
4109
4110
4111
4112
4113
4114
4115
4116
4117
4118
4119
4120
4121
4122
4123
4124
4125
4126
4127
4128
4129
4130
4131
4132
4133
4134
4135
4136
4137
4138
4139
4140
4141
4142
4143
4144
4145
4146
4147
4148
4149
4150
4151
4152
4153
4154
4155
4156
4157
4158
4159
4160
4161
4162
4163
4164
4165
4166
4167
4168
4169
4170
4171
4172
4173
4174
4175
4176
4177
4178
4179
4180
4181
4182
4183
4184
4185
4186
4187
4188
4189
4190
4191
4192
4193
4194
4195
4196
4197
4198
4199
4200
4201
4202
4203
4204
4205
4206
4207
4208
4209
4210
4211
4212
4213
4214
4215
4216
4217
4218
4219
4220
4221
4222
4223
4224
4225
4226
4227
4228
4229
4230
4231
4232
4233
4234
4235
4236
4237
4238
4239
4240
4241
4242
4243
4244
4245
4246
4247
4248
4249
4250
4251
4252
4253
4254
4255
4256
4257
4258
4259
4260
4261
4262
4263
4264
4265
4266
4267
4268
4269
4270
4271
4272
4273
4274
4275
4276
4277
4278
4279
4280
4281
4282
4283
4284
4285
4286
4287
4288
4289
4290
4291
4292
4293
4294
4295
4296
4297
4298
4299
4300
4301
4302
4303
4304
4305
4306
4307
4308
4309
4310
4311
4312
4313
4314
4315
4316
4317
4318
4319
4320
4321
4322
4323
4324
4325
4326
4327
4328
4329
4330
4331
4332
4333
4334
4335
4336
4337
4338
4339
4340
4341
4342
4343
4344
4345
4346
4347
4348
4349
4350
4351
4352
4353
4354
4355
4356
4357
4358
4359
4360
4361
4362
4363
4364
4365
4366
4367
4368
4369
4370
4371
4372
4373
4374
4375
4376
4377
4378
4379
4380
4381
4382
4383
4384
4385
4386
4387
4388
4389
4390
4391
4392
4393
4394
4395
4396
4397
4398
4399
4400
4401
4402
4403
4404
4405
4406
4407
4408
4409
4410
4411
4412
4413
4414
4415
4416
4417
4418
4419
4420
4421
4422
4423
4424
4425
4426
4427
4428
4429
4430
4431
4432
4433
4434
4435
4436
4437
4438
4439
4440
4441
4442
4443
4444
4445
4446
4447
4448
4449
4450
4451
4452
4453
4454
4455
4456
4457
4458
4459
4460
4461
4462
4463
4464
4465
4466
4467
4468
4469
4470
4471
4472
4473
4474
4475
4476
4477
4478
4479
4480
4481
4482
4483
4484
4485
4486
4487
4488
4489
4490
4491
4492
4493
4494
4495
4496
4497
4498
4499
4500
4501
4502
4503
4504
4505
4506
4507
4508
4509
4510
4511
4512
4513
4514
4515
4516
4517
4518
4519
4520
4521
4522
4523
4524
4525
4526
4527
4528
4529
4530
4531
4532
4533
4534
4535
4536
4537
4538
4539
4540
4541
4542
4543
4544
4545
4546
4547
4548
4549
4550
4551
4552
4553
4554
4555
4556
4557
4558
4559
4560
4561
4562
4563
4564
4565
4566
4567
4568
4569
4570
4571
4572
4573
4574
4575
4576
4577
4578
4579
4580
4581
4582
4583
4584
4585
4586
4587
4588
4589
4590
4591
4592
4593
4594
4595
4596
4597
4598
4599
4600
4601
4602
4603
4604
4605
4606
4607
4608
4609
4610
4611
4612
4613
4614
4615
4616
4617
4618
4619
4620
4621
4622
4623
4624
4625
4626
4627
4628
4629
4630
4631
4632
4633
4634
4635
4636
4637
4638
4639
4640
4641
4642
4643
4644
4645
4646
4647
4648
4649
4650
4651
4652
4653
4654
4655
4656
4657
4658
4659
4660
4661
4662
4663
4664
4665
4666
4667
4668
4669
4670
4671
4672
4673
4674
4675
4676
4677
4678
4679
4680
4681
4682
4683
4684
4685
4686
4687
4688
4689
4690
4691
4692
4693
4694
4695
4696
4697
4698
4699
4700
4701
4702
4703
4704
4705
4706
4707
4708
4709
4710
4711
4712
4713
4714
4715
4716
4717
4718
4719
4720
4721
4722
4723
4724
4725
4726
4727
4728
4729
4730
4731
4732
4733
4734
4735
4736
4737
4738
4739
4740
4741
4742
4743
4744
4745
4746
4747
4748
4749
4750
4751
4752
4753
4754
4755
4756
4757
4758
4759
4760
4761
4762
4763
4764
4765
4766
4767
4768
4769
4770
4771
4772
4773
4774
4775
4776
4777
4778
4779
4780
4781
4782
4783
4784
4785
4786
4787
4788
4789
4790
4791
4792
4793
4794
4795
4796
4797
4798
4799
4800
4801
4802
4803
4804
4805
4806
4807
4808
4809
4810
4811
4812
4813
4814
4815
4816
4817
4818
4819
4820
4821
4822
4823
4824
4825
4826
4827
4828
4829
4830
4831
4832
4833
4834
4835
4836
4837
4838
4839
4840
4841
4842
4843
4844
4845
4846
4847
4848
4849
4850
4851
4852
4853
4854
4855
4856
4857
4858
4859
4860
4861
4862
4863
4864
4865
4866
4867
4868
4869
4870
4871
4872
4873
4874
4875
4876
4877
4878
4879
4880
4881
4882
4883
4884
4885
4886
4887
4888
4889
4890
4891
4892
4893
4894
4895
4896
4897
4898
4899
4900
4901
4902
4903
4904
4905
4906
4907
4908
4909
4910
4911
4912
4913
4914
4915
4916
4917
4918
4919
4920
4921
4922
4923
4924
4925
4926
4927
4928
4929
4930
4931
4932
4933
4934
4935
4936
4937
4938
4939
4940
4941
4942
4943
4944
4945
4946
4947
4948
4949
4950
4951
4952
4953
4954
4955
4956
4957
4958
4959
4960
4961
4962
4963
4964
4965
4966
4967
4968
4969
4970
4971
4972
4973
4974
4975
4976
4977
4978
4979
4980
4981
4982
4983
4984
4985
4986
4987
4988
4989
4990
4991
4992
4993
4994
4995
4996
4997
4998
4999
5000
5001
5002
5003
5004
5005
5006
5007
5008
5009
5010
5011
5012
5013
5014
5015
5016
5017
5018
5019
5020
5021
5022
5023
5024
5025
5026
5027
5028
5029
5030
5031
5032
5033
5034
5035
5036
5037
5038
5039
5040
5041
5042
5043
5044
5045
5046
5047
5048
5049
5050
5051
5052
5053
5054
5055
5056
5057
5058
5059
5060
5061
5062
5063
5064
5065
5066
5067
5068
5069
5070
5071
5072
5073
5074
5075
5076
5077
5078
5079
5080
5081
5082
5083
5084
5085
5086
5087
5088
5089
5090
5091
5092
5093
5094
5095
5096
5097
5098
5099
5100
5101
5102
5103
5104
5105
5106
5107
5108
5109
5110
5111
5112
5113
5114
5115
5116
5117
5118
5119
5120
5121
5122
5123
5124
5125
5126
5127
5128
5129
5130
5131
5132
5133
5134
5135
5136
5137
5138
5139
5140
5141
5142
5143
5144
5145
5146
5147
5148
5149
5150
5151
5152
5153
5154
5155
5156
5157
5158
5159
5160
5161
5162
5163
5164
5165
5166
5167
5168
5169
5170
5171
5172
5173
5174
5175
5176
5177
5178
5179
5180
5181
5182
5183
5184
5185
5186
5187
5188
5189
5190
5191
5192
5193
5194
5195
5196
5197
5198
5199
5200
5201
5202
5203
5204
5205
5206
5207
5208
5209
5210
5211
5212
5213
5214
5215
5216
5217
5218
5219
5220
5221
5222
5223
5224
5225
5226
5227
5228
5229
5230
5231
5232
5233
5234
5235
5236
5237
5238
5239
5240
5241
5242
5243
5244
5245
5246
5247
5248
5249
5250
5251
5252
5253
5254
5255
5256
5257
5258
5259
5260
5261
5262
5263
5264
5265
5266
5267
5268
5269
5270
5271
5272
5273
5274
5275
5276
5277
5278
5279
5280
5281
5282
5283
5284
5285
5286
5287
5288
5289
5290
5291
5292
5293
5294
5295
5296
5297
5298
5299
5300
5301
5302
5303
5304
5305
5306
5307
5308
5309
5310
5311
5312
5313
5314
5315
5316
5317
5318
5319
5320
5321
5322
5323
5324
5325
5326
5327
5328
5329
5330
5331
5332
5333
5334
5335
5336
5337
5338
5339
5340
5341
5342
5343
5344
5345
5346
5347
5348
5349
5350
5351
5352
5353
5354
5355
5356
5357
5358
5359
5360
5361
5362
5363
5364
5365
5366
5367
5368
5369
5370
5371
5372
5373
5374
5375
5376
5377
5378
5379
5380
5381
5382
5383
5384
5385
5386
5387
5388
5389
5390
5391
5392
5393
5394
5395
5396
5397
5398
5399
5400
5401
5402
5403
5404
5405
5406
5407
5408
5409
5410
5411
5412
5413
5414
5415
5416
5417
5418
5419
5420
5421
5422
5423
5424
5425
5426
5427
5428
5429
5430
5431
5432
5433
5434
5435
5436
5437
5438
5439
5440
5441
5442
5443
5444
5445
5446
5447
5448
5449
5450
5451
5452
5453
5454
5455
5456
5457
5458
5459
5460
5461
5462
5463
5464
5465
5466
5467
5468
5469
5470
5471
5472
5473
5474
5475
5476
5477
5478
5479
5480
5481
5482
5483
5484
5485
5486
5487
5488
5489
5490
5491
5492
5493
5494
5495
5496
5497
5498
5499
5500
5501
5502
5503
5504
5505
5506
5507
5508
5509
5510
5511
5512
5513
5514
5515
5516
5517
5518
5519
5520
5521
5522
5523
5524
5525
5526
5527
5528
5529
5530
5531
5532
5533
5534
5535
5536
5537
5538
5539
5540
5541
5542
5543
5544
5545
5546
5547
5548
5549
5550
5551
5552
5553
5554
5555
5556
5557
5558
5559
5560
5561
5562
5563
5564
5565
5566
5567
5568
5569
5570
5571
5572
5573
5574
5575
5576
5577
5578
5579
5580
5581
5582
5583
5584
5585
5586
5587
5588
5589
5590
5591
5592
5593
5594
5595
5596
5597
5598
5599
5600
5601
5602
5603
5604
5605
5606
5607
5608
5609
5610
5611
5612
5613
5614
5615
5616
5617
5618
5619
5620
5621
5622
5623
5624
5625
5626
5627
5628
5629
5630
5631
5632
5633
5634
5635
5636
5637
5638
5639
5640
5641
5642
5643
5644
5645
5646
5647
5648
5649
5650
5651
5652
5653
5654
5655
5656
5657
5658
5659
5660
5661
5662
5663
5664
5665
5666
5667
5668
5669
5670
5671
5672
5673
5674
5675
5676
5677
5678
5679
5680
5681
5682
5683
5684
5685
5686
5687
5688
5689
5690
5691
5692
5693
5694
5695
5696
5697
5698
5699
5700
5701
5702
5703
5704
5705
5706
5707
5708
5709
5710
5711
5712
5713
5714
5715
5716
5717
5718
5719
5720
5721
5722
5723
5724
5725
5726
5727
5728
5729
5730
5731
5732
5733
5734
5735
5736
5737
5738
5739
5740
5741
5742
5743
5744
5745
5746
5747
5748
5749
5750
5751
5752
5753
5754
5755
5756
5757
5758
5759
5760
5761
5762
5763
5764
5765
5766
5767
5768
5769
5770
5771
5772
5773
5774
5775
5776
5777
5778
5779
5780
5781
5782
5783
5784
5785
5786
5787
5788
5789
5790
5791
5792
5793
5794
5795
5796
5797
5798
5799
5800
5801
5802
5803
5804
5805
5806
5807
5808
5809
5810
5811
5812
5813
5814
5815
5816
5817
5818
5819
5820
5821
5822
5823
5824
5825
5826
5827
5828
5829
5830
5831
5832
5833
5834
5835
5836
5837
5838
5839
5840
5841
5842
5843
5844
5845
5846
5847
5848
5849
5850
5851
5852
5853
5854
5855
5856
5857
5858
5859
5860
5861
5862
5863
5864
5865
5866
5867
5868
5869
5870
5871
5872
5873
5874
5875
5876
5877
5878
5879
5880
5881
5882
5883
5884
5885
5886
5887
5888
5889
5890
5891
5892
5893
5894
5895
5896
5897
5898
5899
5900
5901
5902
5903
5904
5905
5906
5907
5908
5909
5910
5911
5912
5913
5914
5915
5916
5917
5918
5919
5920
5921
5922
5923
5924
5925
5926
5927
5928
5929
5930
5931
5932
5933
5934
5935
5936
5937
5938
5939
5940
5941
5942
5943
5944
5945
5946
5947
5948
5949
5950
5951
5952
5953
5954
5955
5956
5957
5958
5959
5960
5961
5962
5963
5964
5965
5966
5967
5968
5969
5970
5971
5972
5973
5974
5975
5976
5977
5978
5979
5980
5981
5982
5983
5984
5985
5986
5987
5988
5989
5990
5991
5992
5993
5994
5995
5996
5997
5998
5999
6000
6001
6002
6003
6004
6005
6006
6007
6008
6009
6010
6011
6012
6013
6014
6015
6016
6017
6018
6019
6020
6021
6022
6023
6024
6025
6026
6027
6028
6029
6030
6031
6032
6033
6034
6035
6036
6037
6038
6039
6040
6041
6042
6043
6044
6045
6046
6047
6048
6049
6050
6051
6052
6053
6054
6055
6056
6057
6058
6059
6060
6061
6062
6063
6064
6065
6066
6067
6068
6069
6070
6071
6072
6073
6074
6075
6076
6077
6078
6079
6080
6081
6082
6083
6084
6085
6086
6087
6088
6089
6090
6091
6092
6093
6094
6095
6096
6097
6098
6099
6100
6101
6102
6103
6104
6105
6106
6107
6108
6109
6110
6111
6112
6113
6114
6115
6116
6117
6118
6119
6120
6121
6122
6123
6124
6125
6126
6127
6128
6129
6130
6131
6132
6133
6134
6135
6136
6137
6138
6139
6140
6141
6142
6143
6144
6145
6146
6147
6148
6149
6150
6151
6152
6153
6154
6155
6156
6157
6158
6159
6160
6161
6162
6163
6164
6165
6166
6167
6168
6169
6170
6171
6172
6173
6174
6175
6176
6177
6178
6179
6180
6181
6182
6183
6184
6185
6186
6187
6188
6189
6190
6191
6192
6193
6194
6195
6196
6197
6198
6199
6200
6201
6202
6203
6204
6205
6206
6207
6208
6209
6210
6211
6212
6213
6214
6215
6216
6217
6218
6219
6220
6221
6222
6223
6224
6225
6226
6227
6228
6229
6230
6231
6232
6233
6234
6235
6236
6237
6238
6239
6240
6241
6242
6243
6244
6245
6246
6247
6248
6249
6250
6251
6252
6253
6254
6255
6256
6257
6258
6259
6260
6261
6262
6263
6264
6265
6266
6267
6268
6269
6270
6271
6272
6273
6274
6275
6276
6277
6278
6279
6280
6281
6282
6283
6284
6285
6286
6287
6288
6289
6290
6291
6292
6293
6294
6295
6296
6297
6298
6299
6300
6301
6302
6303
6304
6305
6306
6307
6308
6309
6310
6311
6312
6313
6314
6315
6316
6317
6318
6319
6320
6321
6322
6323
6324
6325
6326
6327
6328
6329
6330
6331
6332
6333
6334
6335
6336
6337
6338
6339
6340
6341
6342
6343
6344
6345
6346
6347
6348
6349
6350
6351
6352
6353
6354
6355
6356
6357
6358
6359
6360
6361
6362
6363
6364
6365
6366
6367
6368
6369
6370
6371
6372
6373
6374
6375
6376
6377
6378
6379
6380
6381
6382
6383
6384
6385
6386
6387
6388
6389
6390
6391
6392
6393
6394
6395
6396
6397
6398
6399
6400
6401
6402
6403
6404
6405
6406
6407
6408
6409
6410
6411
6412
6413
6414
6415
6416
6417
6418
6419
6420
6421
6422
6423
6424
6425
6426
6427
6428
6429
6430
6431
6432
6433
6434
6435
6436
6437
6438
6439
6440
6441
6442
6443
6444
6445
6446
6447
6448
6449
6450
6451
6452
6453
6454
6455
6456
6457
6458
6459
6460
6461
6462
6463
6464
6465
6466
6467
6468
6469
6470
6471
6472
6473
6474
6475
6476
6477
6478
6479
6480
6481
6482
6483
6484
6485
6486
6487
6488
6489
6490
6491
6492
6493
6494
6495
6496
6497
6498
6499
6500
6501
6502
6503
6504
6505
6506
6507
6508
6509
6510
6511
6512
6513
6514
6515
6516
6517
6518
6519
6520
6521
6522
6523
6524
6525
6526
6527
6528
6529
6530
6531
6532
6533
6534
6535
6536
6537
6538
6539
6540
6541
6542
6543
6544
6545
6546
6547
6548
6549
6550
6551
6552
6553
6554
6555
6556
6557
6558
6559
6560
6561
6562
6563
6564
6565
6566
6567
6568
6569
6570
6571
6572
6573
6574
6575
6576
6577
6578
6579
6580
6581
6582
6583
6584
6585
6586
6587
6588
6589
6590
6591
6592
6593
6594
6595
6596
6597
6598
6599
6600
6601
6602
6603
6604
6605
6606
6607
6608
6609
6610
6611
6612
6613
6614
6615
6616
6617
6618
6619
6620
6621
6622
6623
6624
6625
6626
6627
6628
6629
6630
6631
6632
6633
6634
6635
6636
6637
6638
6639
6640
6641
6642
6643
6644
6645
6646
6647
6648
6649
6650
6651
6652
6653
6654
6655
6656
6657
6658
6659
6660
6661
6662
6663
6664
6665
6666
6667
6668
6669
6670
6671
6672
6673
6674
6675
6676
6677
6678
6679
6680
6681
6682
6683
6684
6685
6686
6687
6688
6689
6690
6691
6692
6693
6694
6695
6696
6697
6698
6699
6700
6701
6702
6703
6704
6705
6706
6707
6708
6709
6710
6711
6712
6713
6714
6715
6716
6717
6718
6719
6720
6721
6722
6723
6724
6725
6726
6727
6728
6729
6730
6731
6732
6733
6734
6735
6736
6737
6738
6739
6740
6741
6742
6743
6744
6745
6746
6747
6748
6749
6750
6751
6752
6753
6754
6755
6756
6757
6758
6759
6760
6761
6762
6763
6764
6765
6766
6767
6768
6769
6770
6771
6772
6773
6774
6775
6776
6777
6778
6779
6780
6781
6782
6783
6784
6785
6786
6787
6788
6789
6790
6791
6792
6793
6794
6795
6796
6797
6798
6799
6800
6801
6802
6803
6804
6805
6806
6807
6808
6809
6810
6811
6812
6813
6814
6815
6816
6817
6818
6819
6820
6821
6822
6823
6824
6825
6826
6827
6828
6829
6830
6831
6832
6833
6834
6835
6836
6837
6838
6839
6840
6841
6842
6843
6844
6845
6846
6847
6848
6849
6850
6851
6852
6853
6854
6855
6856
6857
6858
6859
6860
6861
6862
6863
6864
6865
6866
6867
6868
6869
6870
6871
6872
6873
6874
6875
6876
6877
6878
6879
6880
6881
6882
6883
6884
6885
6886
6887
6888
6889
6890
6891
6892
6893
6894
6895
6896
6897
6898
6899
6900
6901
6902
6903
6904
6905
6906
6907
6908
6909
6910
6911
6912
6913
6914
6915
6916
6917
6918
6919
6920
6921
6922
6923
6924
6925
6926
6927
6928
6929
6930
6931
6932
6933
6934
6935
6936
6937
6938
6939
6940
6941
6942
6943
6944
6945
6946
6947
6948
6949
6950
6951
6952
6953
6954
6955
6956
6957
6958
6959
6960
6961
6962
6963
6964
6965
6966
6967
6968
6969
6970
6971
6972
6973
6974
6975
6976
6977
6978
6979
6980
6981
6982
6983
6984
6985
6986
6987
6988
6989
6990
6991
6992
6993
6994
6995
6996
6997
6998
6999
7001
7003
7005
7007
7009
7011
7013
7015
7017
7019
7021
7023
7025
7027
7029
7031
7033
7035
7037
7039
7041
7043
7045
7047
7049
7051
7053
7055
7057
7059
7061
7063
7065
7067
7069
7071
7073
7075
7077
7079
7081
7083
7085
7087
7089
7091
7093
7095
7097
7099
7101
7103
7105
7107
7109
7111
7113
7115
7117
7119
7121
7123
7125
7127
7129
7131
7133
7135
7137
7139
7141
7143
7145
7147
7149
7151
7153
7155
7157
7159
7161
7163
7165
7167
7169
7171
7173
7175
7177
7179
7181
7183
7185
7187
7189
7191
7193
7195
7197
7199
7201
7203
7205
7207
7209
7211
7213
7215
7217
7219
7221
7223
7225
7227
7229
7231
7233
7235
7237
7239
7241
7243
7245
7247
7249
7251
7253
7255
7257
7259
7261
7263
7265
7267
7269
7271
7273
7275
7277
7279
7281
7283
7285
7287
7289
7291
7293
7295
7297
7299
7301
7303
7305
7307
7309
7311
7313
7315
7317
7319
7321
7323
7325
7327
7329
7331
7333
7335
7337
7339
7341
7343
7345
7347
7349
7351
7353
7355
7357
7359
7361
7363
7365
7367
7369
7371
7373
7375
7377
7379
7381
7383
7385
7387
7389
7391
7393
7395
7397
7399
7401
7403
7405
7407
7409
7411
7413
7415
7417
7419
7421
7423
7425
7427
7429
7431
7433
7435
7437
7439
7441
7443
7445
7447
7449
7451
7453
7455
7457
7459
7461
7463
7465
7467
7469
7471
7473
7475
7477
7479
7481
7483
7485
7487
7489
7491
7493
7495
7497
7499
7501
7503
7505
7507
7509
7511
7513
7515
7517
7519
7521
7523
7525
7527
7529
7531
7533
7535
7537
7539
7541
7543
7545
7547
7549
7551
7553
7555
7557
7559
7561
7563
7565
7567
7569
7571
7573
7575
7577
7579
7581
7583
7585
7587
7589
7591
7593
7595
7597
7599
7601
7603
7605
7607
7609
7611
7613
7615
7617
7619
7621
7623
7625
7627
7629
7631
7633
7635
7637
7639
7641
7643
7645
7647
7649
7651
7653
7655
7657
7659
7661
7663
7665
7667
7669
7671
7673
7675
7677
7679
7681
7683
7685
7687
7689
7691
7693
7695
7697
7699
7701
7703
7705
7707
7709
7711
7713
7715
7717
7719
7721
7723
7725
7727
7729
7731
7733
7735
7737
7739
7741
7743
7745
7747
7749
7751
7753
7755
7757
7759
7761
7763
7765
7767
7769
7771
7773
7775
7777
7779
7781
7783
7785
7787
7789
7791
7793
7795
7797
7799
7801
7803
7805
7807
7809
7811
7813
7815
7817
7819
7821
7823
7825
7827
7829
7831
7833
7835
7837
7839
7841
7843
7845
7847
7849
7851
7853
7855
7857
7859
7861
7863
7865
7867
7869
7871
7873
7875
7877
7879
7881
7883
7885
7887
7889
7891
7893
7895
7897
7899
7901
7903
7905
7907
7909
7911
7913
7915
7917
7919
7921
7923
7925
7927
7929
7931
7933
7935
7937
7939
7941
7943
7945
7947
7949
7951
7953
7955
7957
7959
7961
7963
7965
7967
7969
7971
7973
7975
7977
7979
7981
7983
7985
7987
7989
7991
7993
7995
7997
7999
8001
8003
8005
8007
8009
8011
8013
8015
8017
8019
8021
8023
8025
8027
8029
8031
8033
8035
8037
8039
8041
8043
8045
8047
8049
8051
8053
8055
8057
8059
8061
8063
8065
8067
8069
8071
8073
8075
8077
8079
8081
8083
8085
8087
8089
8091
8093
8095
8097
8099
8101
8103
8105
8107
8109
8111
8113
8115
8117
8119
8121
8123
8125
8127
8129
8131
8133
8135
8137
8139
8141
8143
8145
8147
8149
8151
8153
8155
8157
8159
8161
8163
8165
8167
8169
8171
8173
8175
8177
8179
8181
8183
8185
8187
8189
8191
8193
8195
8197
8199
8201
8203
8205
8207
8209
8211
8213
8215
8217
8219
8221
8223
8225
8227
8229
8231
8233
8235
8237
8239
8241
8243
8245
8247
8249
8251
8253
8255
8257
8259
8261
8263
8265
8267
8269
8271
8273
8275
8277
8279
8281
8283
8285
8287
8289
8291
8293
8295
8297
8299
8301
8303
8305
8307
8309
8311
8313
8315
8317
8319
8321
8323
8325
8327
8329
8331
8333
8335
8337
8339
8341
8343
8345
8347
8349
8351
8353
8355
8357
8359
8361
8363
8365
8367
8369
8371
8373
8375
8377
8379
8381
8383
8385
8387
8389
8391
8393
8395
8397
8399
8401
8403
8405
8407
8409
8411
8413
8415
8417
8419
8421
8423
8425
8427
8429
8431
8433
8435
8437
8439
8441
8443
8445
8447
8449
8451
8453
8455
8457
8459
8461
8463
8465
8467
8469
8471
8473
8475
8477
8479
8481
8483
8485
8487
8489
8491
8493
8495
8497
8499
8501
8503
8505
8507
8509
8511
8513
8515
8517
8519
8521
8523
8525
8527
8529
8531
8533
8535
8537
8539
8541
8543
8545
8547
8549
8551
8553
8555
8557
8559
8561
8563
8565
8567
8569
8571
8573
8575
8577
8579
8581
8583
8585
8587
8589
8591
8593
8595
8597
8599
8601
8603
8605
8607
8609
8611
8613
8615
8617
8619
8621
8623
8625
8627
8629
8631
8633
8635
8637
8639
8641
8643
8645
8647
8649
8651
8653
8655
8657
8659
8661
8663
8665
8667
8669
8671
8673
8675
8677
8679
8681
8683
8685
8687
8689
8691
8693
8695
8697
8699
8701
8703
8705
8707
8709
8711
8713
8715
8717
8719
8721
8723
8725
8727
8729
8731
8733
8735
8737
8739
8741
8743
8745
8747
8749
8751
8753
8755
8757
8759
8761
8763
8765
8767
8769
8771
8773
8775
8777
8779
8781
8783
8785
8787
8789
8791
8793
8795
8797
8799
8801
8803
8805
8807
8809
8811
8813
8815
8817
8819
8821
8823
8825
8827
8829
8831
8833
8835
8837
8839
8841
8843
8845
8847
8849
8851
8853
8855
8857
8859
8861
8863
8865
8867
8869
8871
8873
8875
8877
8879
8881
8883
8885
8887
8889
8891
8893
8895
8897
8899
8901
8903
8905
8907
8909
8911
8913
8915
8917
8919
8921
8923
8925
8927
8929
8931
8933
8935
8937
8939
8941
8943
8945
8947
8949
8951
8953
8955
8957
8959
8961
8963
8965
8967
8969
8971
8973
8975
8977
8979
8981
8983
8985
8987
8989
8991
8993
8995
8997
8999
9001
9003
9005
9007
9009
9011
9013
9015
9017
9019
9021
9023
9025
9027
9029
9031
9033
9035
9037
9039
9041
9043
9045
9047
9049
9051
9053
9055
9057
9059
9061
9063
9065
9067
9069
9071
9073
9075
9077
9079
9081
9083
9085
9087
9089
9091
9093
9095
9097
9099
9101
9103
9105
9107
9109
9111
9113
9115
9117
9119
9121
9123
9125
9127
9129
9131
9133
9135
9137
9139
9141
9143
9145
9147
9149
9151
9153
9155
9157
9159
9161
9163
9165
9167
9169
9171
9173
9175
9177
9179
9181
9183
9185
9187
9189
9191
9193
9195
9197
9199
9201
9203
9205
9207
9209
9211
9213
9215
9217
9219
9221
9223
9225
9227
9229
9231
9233
9235
9237
9239
9241
9243
9245
9247
9249
9251
9253
9255
9257
9259
9261
9263
9265
9267
9269
9271
9273
9275
9277
9279
9281
9283
9285
9287
9289
9291
9293
9295
9297
9299
9301
9303
9305
9307
9309
9311
9313
9315
9317
9319
9321
9323
9325
9327
9329
9331
9333
9335
9337
9339
9341
9343
9345
9347
9349
9351
9353
9355
9357
9359
9361
9363
9365
9367
9369
9371
9373
9375
9377
9379
9381
9383
9385
9387
9389
9391
9393
9395
9397
9399
9401
9403
9405
9407
9409
9411
9413
9415
9417
9419
9421
9423
9425
9427
9429
9431
9433
9435
9437
9439
9441
9443
9445
9447
9449
9451
9453
9455
9457
9459
9461
9463
9465
9467
9469
9471
9473
9475
9477
9479
9481
9483
9485
9487
9489
9491
9493
9495
9497
9499
9501
9503
9505
9507
9509
9511
9513
9515
9517
9519
9521
9523
9525
9527
9529
9531
9533
9535
9537
9539
9541
9543
9545
9547
9549
9551
9553
9555
9557
9559
9561
9563
9565
9567
9569
9571
9573
9575
9577
9579
9581
9583
9585
9587
9589
9591
9593
9595
9597
9599
9601
9603
9605
9607
9609
9611
9613
9615
9617
9619
9621
9623
9625
9627
9629
9631
9633
9635
9637
9639
9641
9643
9645
9647
9649
9651
9653
9655
9657
9659
9661
9663
9665
9667
9669
9671
9673
9675
9677
9679
9681
9683
9685
9687
9689
9691
9693
9695
9697
9699
9701
9703
9705
9707
9709
9711
9713
9715
9717
9719
9721
9723
9725
9727
9729
9731
9733
9735
9737
9739
9741
9743
9745
9747
9749
9751
9753
9755
9757
9759
9761
9763
9765
9767
9769
9771
9773
9775
9777
9779
9781
9783
9785
9787
9789
9791
9793
9795
9797
9799
9801
9803
9805
9807
9809
9811
9813
9815
9817
9819
9821
9823
9825
9827
9829
9831
9833
9835
9837
9839
9841
9843
9845
9847
9849
9851
9853
9855
9857
9859
9861
9863
9865
9867
9869
9871
9873
9875
9877
9879
9881
9883
9885
9887
9889
9891
9893
9895
9897
9899
9901
9903
9905
9907
9909
9911
9913
9915
9917
9919
9921
9923
9925
9927
9929
9931
9933
9935
9937
9939
9941
9943
9945
9947
9949
9951
9953
9955
9957
9959
9961
9963
9965
9967
9969
9971
9973
9975
9977
9979
9981
9983
9985
9987
9989
9991
9993
9995
9997
9999
10001
10003
10005
10007
10009
10011
10013
10015
10017
10019
10021
10023
10025
10027
10029
10031
10033
10035
10037
10039
10041
10043
10045
10047
10049
10051
10053
10055
10057
10059
10061
10063
10065
10067
10069
10071
10073
10075
10077
10079
10081
10083
10085
10087
10089
10091
10093
10095
10097
10099
10101
10103
10105
10107
10109
10111
10113
10115
10117
10119
10121
10123
10125
10127
10129
10131
10133
10135
10137
10139
10141
10143
10145
10147
10149
10151
10153
10155
10157
10159
10161
10163
10165
10167
10169
10171
10173
10175
10177
10179
10181
10183
10185
10187
10189
10191
10193
10195
10197
10199
10201
10203
10205
10207
10209
10211
10213
10215
10217
10219
10221
10223
10225
10227
10229
10231
10233
10235
10237
10239
10241
10243
10245
10247
10249
10251
10253
10255
10257
10259
10261
10263
10265
10267
10269
10271
10273
10275
10277
10279
10281
10283
10285
10287
10289
10291
10293
10295
10297
10299
10301
10303
10305
10307
10309
10311
10313
10315
10317
10319
10321
10323
10325
10327
10329
10331
10333
10335
10337
10339
10341
10343
10345
10347
10349
10351
10353
10355
10357
10359
10361
10363
10365
10367
10369
10371
10373
10375
10377
10379
10381
10383
10385
10387
10389
10391
10393
10395
10397
10399
10401
10403
10405
10407
10409
10411
10413
10415
10417
10419
10421
10423
10425
10427
10429
10431
10433
10435
10437
10439
10441
10443
10445
10447
10449
10451
10453
10455
10457
10459
10461
10463
10465
10467
10469
10471
10473
10475
10477
10479
10481
10483
10485
10487
10489
10491
10493
10495
10497
10499
10501
10503
10505
10507
10509
10511
10513
10515
10517
10519
10521
10523
10525
10527
10529
10531
10533
10535
10537
10539
10541
10543
10545
10547
10549
10551
10553
10555
10557
10559
10561
10563
10565
10567
10569
10571
10573
10575
10577
10579
10581
10583
10585
10587
10589
10591
10593
10595
10597
10599
10601
10603
10605
10607
10609
10611
10613
10615
10617
10619
10621
10623
10625
10627
10629
10631
10633
10635
10637
10639
10641
10643
10645
10647
10649
10651
10653
10655
10657
10659
10661
10663
10665
10667
10669
10671
10673
10675
10677
10679
10681
10683
10685
10687
10689
10691
10693
10695
10697
10699
10701
10703
10705
10707
10709
10711
10713
10715
10717
10719
10721
10723
10725
10727
10729
10731
10733
10735
10737
10739
10741
10743
10745
10747
10749
10751
10753
10755
10757
10759
10761
10763
10765
10767
10769
10771
10773
10775
10777
10779
10781
10783
10785
10787
10789
10791
10793
10795
10797
10799
10801
10803
10805
10807
10809
10811
10813
10815
10817
10819
10821
10823
10825
10827
10829
10831
10833
10835
10837
10839
10841
10843
10845
10847
10849
10851
10853
10855
10857
10859
10861
10863
10865
10867
10869
10871
10873
10875
10877
10879
10881
10883
10885
10887
10889
10891
10893
10895
10897
10899
10901
10903
10905
10907
10909
10911
10913
10915
10917
10919
10921
10923
10925
10927
10929
10931
10933
10935
10937
10939
10941
10943
10945
10947
10949
10951
10953
10955
10957
10959
10961
10963
10965
10967
10969
10971
10973
10975
10977
10979
10981
10983
10985
10987
10989
10991
10993
10995
10997
10999
11001
11003
11005
11007
11009
11011
11013
11015
11017
11019
11021
11023
11025
11027
11029
11031
11033
11035
11037
11039
11041
11043
11045
11047
11049
11051
11053
11055
11057
11059
11061
11063
11065
11067
11069
11071
11073
11075
11077
11079
11081
11083
11085
11087
11089
11091
11093
11095
11097
11099
11101
11103
11105
11107
11109
11111
11113
11115
11117
11119
11121
11123
11125
11127
11129
11131
11133
11135
11137
11139
11141
11143
11145
11147
11149
11151
11153
11155
11157
11159
11161
11163
11165
11167
11169
11171
11173
11175
11177
11179
11181
11183
11185
11187
11189
11191
11193
11195
11197
11199
11201
11203
11205
11207
11209
11211
11213
11215
11217
11219
11221
11223
11225
11227
11229
11231
11233
11235
11237
11239
11241
11243
11245
11247
11249
11251
11253
11255
11257
11259
11261
11263
11265
11267
11269
11271
11273
11275
11277
11279
11281
11283
11285
11287
11289
11291
11293
11295
11297
11299
11301
11303
11305
11307
11309
11311
11313
11315
11317
11319
11321
11323
11325
11327
11329
11331
11333
11335
11337
11339
11341
11343
11345
11347
11349
11351
11353
11355
11357
11359
11361
11363
11365
11367
11369
11371
11373
11375
11377
11379
11381
11383
11385
11387
11389
11391
11393
11395
11397
11399
11401
11403
11405
11407
11409
11411
11413
11415
11417
11419
11421
11423
11425
11427
11429
11431
11433
11435
11437
11439
11441
11443
11445
11447
11449
11451
11453
11455
11457
11459
11461
11463
11465
11467
11469
11471
11473
11475
11477
11479
11481
11483
11485
11487
11489
11491
11493
11495
11497
11499
11501
11503
11505
11507
11509
11511
11513
11515
11517
11519
11521
11523
11525
11527
11529
11531
11533
11535
11537
11539
11541
11543
11545
11547
11549
11551
11553
11555
11557
11559
11561
11563
11565
11567
11569
11571
11573
11575
11577
11579
11581
11583
11585
11587
11589
11591
11593
11595
11597
11599
11601
11603
11605
11607
11609
11611
11613
11615
11617
11619
11621
11623
11625
11627
11629
11631
11633
11635
11637
11639
11641
11643
11645
11647
11649
11651
11653
11655
11657
11659
11661
11663
11665
11667
11669
11671
11673
11675
11677
11679
11681
11683
11685
11687
11689
11691
11693
11695
11697
11699
11701
11703
11705
11707
11709
11711
11713
11715
11717
11719
11721
11723
11725
11727
11729
11731
11733
11735
11737
11739
11741
11743
11745
11747
11749
11751
11753
11755
11757
11759
11761
11763
11765
11767
11769
11771
11773
11775
11777
11779
11781
11783
11785
11787
11789
11791
11793
11795
11797
11799
11801
11803
11805
11807
11809
11811
11813
11815
11817
11819
11821
11823
11825
11827
11829
11831
11833
11835
11837
11839
11841
11843
11845
11847
11849
11851
11853
11855
11857
11859
11861
11863
11865
11867
11869
11871
11873
11875
11877
11879
11881
11883
11885
11887
11889
11891
11893
11895
11897
11899
11901
11903
11905
11907
11909
11911
11913
11915
11917
11919
11921
11923
11925
11927
11929
11931
11933
11935
11937
11939
11941
11943
11945
11947
11949
11951
11953
11955
11957
11959
11961
11963
11965
11967
11969
11971
11973
11975
11977
11979
11981
11983
11985
11987
11989
11991
11993
11995
11997
11999
12001
12003
12005
12007
12009
12011
12013
12015
12017
12019
12021
12023
12025
12027
12029
12031
12033
12035
12037
12039
12041
12043
12045
12047
12049
12051
12053
12055
12057
12059
12061
12063
12065
12067
12069
12071
12073
12075
12077
12079
12081
12083
12085
12087
12089
12091
12093
12095
12097
12099
12101
12103
12105
12107
12109
12111
12113
12115
12117
12119
12121
12123
12125
12127
12129
12131
12133
12135
12137
12139
12141
12143
12145
12147
12149
12151
12153
12155
12157
12159
12161
12163
12165
12167
12169
12171
12173
12175
12177
12179
12181
12183
12185
12187
12189
12191
12193
12195
12197
12199
12201
12203
12205
12207
12209
12211
12213
12215
12217
12219
12221
12223
12225
12227
12229
12231
12233
12235
12237
12239
12241
12243
12245
12247
12249
12251
12253
12255
12257
12259
12261
12263
12265
12267
12269
12271
12273
12275
12277
12279
12281
12283
12285
12287
12289
12291
12293
12295
12297
12299
12301
12303
12305
12307
12309
12311
12313
12315
12317
12319
12321
12323
12325
12327
12329
12331
12333
12335
12337
12339
12341
12343
12345
12347
12349
12351
12353
12355
12357
12359
12361
12363
12365
12367
12369
12371
12373
12375
12377
12379
12381
12383
12385
12387
12389
12391
12393
12395
12397
12399
12401
12403
12405
12407
12409
12411
12413
12415
12417
12419
12421
12423
12425
12427
12429
12431
12433
12435
12437
12439
12441
12443
12445
12447
12449
12451
12453
12455
12457
12459
12461
12463
12465
12467
12469
12471
12473
12475
12477
12479
12481
12483
12485
12487
12489
12491
12493
12495
12497
12499
12501
12503
12505
12507
12509
12511
12513
12515
12517
12519
12521
12523
12525
12527
12529
12531
12533
12535
12537
12539
12541
12543
12545
12547
12549
12551
12553
12555
12557
12559
12561
12563
12565
12567
12569
12571
12573
12575
12577
12579
12581
12583
12585
12587
12589
12591
12593
12595
12597
12599
12601
12603
12605
12607
12609
12611
12613
12615
12617
12619
12621
12623
12625
12627
12629
12631
12633
12635
12637
12639
12641
12643
12645
12647
12649
12651
12653
12655
12657
12659
12661
12663
12665
12667
12669
12671
12673
12675
12677
12679
12681
12683
12685
12687
12689
12691
12693
12695
12697
12699
12701
12703
12705
12707
12709
12711
12713
12715
12717
12719
12721
12723
12725
12727
12729
12731
12733
12735
12737
12739
12741
12743
12745
12747
12749
12751
12753
12755
12757
12759
12761
12763
12765
12767
12769
12771
12773
12775
12777
12779
12781
12783
12785
12787
12789
12791
12793
12795
12797
12799
12801
12803
12805
12807
12809
12811
12813
12815
12817
12819
12821
12823
12825
12827
12829
12831
12833
12835
12837
12839
12841
12843
12845
12847
12849
12851
12853
12855
12857
12859
12861
12863
12865
12867
12869
12871
12873
12875
12877
12879
12881
12883
12885
12887
12889
12891
12893
12895
12897
12899
12901
12903
12905
12907
12909
12911
12913
12915
12917
12919
12921
12923
12925
12927
12929
12931
12933
12935
12937
12939
12941
12943
12945
12947
12949
12951
12953
12955
12957
12959
12961
12963
12965
12967
12969
12971
12973
12975
12977
12979
12981
12983
12985
12987
12989
12991
12993
12995
12997
12999
13001
13003
13005
13007
13009
13011
13013
13015
13017
13019
13021
13023
13025
13027
13029
13031
13033
13035
13037
13039
13041
13043
13045
13047
13049
13051
13053
13055
13057
13059
13061
13063
13065
13067
13069
13071
13073
13075
13077
13079
13081
13083
13085
13087
13089
13091
13093
13095
13097
13099
13101
13103
13105
13107
13109
13111
13113
13115
13117
13119
13121
13123
13125
13127
13129
13131
13133
13135
13137
13139
13141
13143
13145
13147
13149
13151
13153
13155
13157
13159
13161
13163
13165
13167
13169
13171
13173
13175
13177
13179
13181
13183
13185
13187
13189
13191
13193
13195
13197
13199
13201
13203
13205
13207
13209
13211
13213
13215
13217
13219
13221
13223
13225
13227
13229
13231
13233
13235
13237
13239
13241
13243
13245
13247
13249
13251
13253
13255
13257
13259
13261
13263
13265
13267
13269
13271
13273
13275
13277
13279
13281
13283
13285
13287
13289
13291
13293
13295
13297
13299
13301
13303
13305
13307
13309
13311
13313
13315
13317
13319
13321
13323
13325
13327
13329
13331
13333
13335
13337
13339
13341
13343
13345
13347
13349
13351
13353
13355
13357
13359
13361
13363
13365
13367
13369
13371
13373
13375
13377
13379
13381
13383
13385
13387
13389
13391
13393
13395
13397
13399
13401
13403
13405
13407
13409
13411
13413
13415
13417
13419
13421
13423
13425
13427
13429
13431
13433
13435
13437
13439
13441
13443
13445
13447
13449
13451
13453
13455
13457
13459
13461
13463
13465
13467
13469
13471
13473
13475
13477
13479
13481
13483
13485
13487
13489
13491
13493
13495
13497
13499
13501
13503
13505
13507
13509
13511
13513
13515
13517
13519
13521
13523
13525
13527
13529
13531
13533
13535
13537
13539
13541
13543
13545
13547
13549
13551
13553
13555
13557
13559
13561
13563
13565
13567
13569
13571
13573
13575
13577
13579
13581
13583
13585
13587
13589
13591
13593
13595
13597
13599
13601
13603
13605
13607
13609
13611
13613
13615
13617
13619
13621
13623
13625
13627
13629
13631
13633
13635
13637
13639
13641
13643
13645
13647
13649
13651
13653
13655
13657
13659
13661
13663
13665
13667
13669
13671
13673
13675
13677
13679
13681
13683
13685
13687
13689
13691
13693
13695
13697
13699
13701
13703
13705
13707
13709
13711
13713
13715
13717
13719
13721
13723
13725
13727
13729
13731
13733
13735
13737
13739
13741
13743
13745
13747
13749
13751
13753
13755
13757
13759
13761
13763
13765
13767
13769
13771
13773
13775
13777
13779
13781
13783
13785
13787
13789
13791
13793
13795
13797
13799
13801
13803
13805
13807
13809
13811
13813
13815
13817
13819
13821
13823
13825
13827
13829
13831
13833
13835
13837
13839
13841
13843
13845
13847
13849
13851
13853
13855
13857
13859
13861
13863
13865
13867
13869
13871
13873
13875
13877
13879
13881
13883
13885
13887
13889
13891
13893
13895
13897
13899
13901
13903
13905
13907
13909
13911
13913
13915
13917
13919
13921
13923
13925
13927
13929
13931
13933
13935
13937
13939
13941
13943
13945
13947
13949
13951
13953
13955
13957
13959
13961
13963
13965
13967
13969
13971
13973
13975
13977
13979
13981
13983
13985
13987
13989
13991
13993
13995
13997
13999
